-16.764763,	10.238084,	-16.264763,	10.238084
-16.764763,	9.738084,	-16.264763,	9.738084
-16.764763,	10.238084,	-16.764763,	9.738084
-16.264763,	10.238084,	-16.264763,	9.738084
-18.179638,	19.838566,	-17.679638,	19.838566
-18.179638,	19.338566,	-17.679638,	19.338566
-18.179638,	19.838566,	-18.179638,	19.338566
-17.679638,	19.838566,	-17.679638,	19.338566
-20.997313,	19.125517,	-20.497313,	19.125517
-20.997313,	18.625517,	-20.497313,	18.625517
-20.997313,	19.125517,	-20.997313,	18.625517
-20.497313,	19.125517,	-20.497313,	18.625517
-19.272611,	13.299533,	-18.772611,	13.299533
-19.272611,	12.799533,	-18.772611,	12.799533
-19.272611,	13.299533,	-19.272611,	12.799533
-18.772611,	13.299533,	-18.772611,	12.799533
-20.720725,	11.022495,	-20.220725,	11.022495
-20.720725,	10.522495,	-20.220725,	10.522495
-20.720725,	11.022495,	-20.720725,	10.522495
-20.220725,	11.022495,	-20.220725,	10.522495
-21.724467,	15.159952,	-21.224467,	15.159952
-21.724467,	14.659952,	-21.224467,	14.659952
-21.724467,	15.159952,	-21.724467,	14.659952
-21.224467,	15.159952,	-21.224467,	14.659952
-17.837014,	12.495179,	-17.337014,	12.495179
-17.837014,	11.995179,	-17.337014,	11.995179
-17.837014,	12.495179,	-17.837014,	11.995179
-17.337014,	12.495179,	-17.337014,	11.995179
-17.002518,	16.238337,	-16.502518,	16.238337
-17.002518,	15.738337000000001,	-16.502518,	15.738337000000001
-17.002518,	16.238337,	-17.002518,	15.738337000000001
-16.502518,	16.238337,	-16.502518,	15.738337000000001
-23.28761,	17.545387,	-22.78761,	17.545387
-23.28761,	17.045387,	-22.78761,	17.045387
-23.28761,	17.545387,	-23.28761,	17.045387
-22.78761,	17.545387,	-22.78761,	17.045387
-22.19395,	16.132276,	-21.69395,	16.132276
-22.19395,	15.632276000000001,	-21.69395,	15.632276000000001
-22.19395,	16.132276,	-22.19395,	15.632276000000001
-21.69395,	16.132276,	-21.69395,	15.632276000000001
-20.602823,	10.374938,	-20.102823,	10.374938
-20.602823,	9.874938,	-20.102823,	9.874938
-20.602823,	10.374938,	-20.602823,	9.874938
-20.102823,	10.374938,	-20.102823,	9.874938
-18.058527,	15.422377,	-17.558527,	15.422377
-18.058527,	14.922377,	-17.558527,	14.922377
-18.058527,	15.422377,	-18.058527,	14.922377
-17.558527,	15.422377,	-17.558527,	14.922377
-20.748445,	11.125077,	-20.248445,	11.125077
-20.748445,	10.625077,	-20.248445,	10.625077
-20.748445,	11.125077,	-20.748445,	10.625077
-20.248445,	11.125077,	-20.248445,	10.625077
-19.995657,	13.97986,	-19.495657,	13.97986
-19.995657,	13.47986,	-19.495657,	13.47986
-19.995657,	13.97986,	-19.995657,	13.47986
-19.495657,	13.97986,	-19.495657,	13.47986
-19.600238,	17.034907,	-19.100238,	17.034907
-19.600238,	16.534907,	-19.100238,	16.534907
-19.600238,	17.034907,	-19.600238,	16.534907
-19.100238,	17.034907,	-19.100238,	16.534907
-16.455605,	10.131137,	-15.955604999999998,	10.131137
-16.455605,	9.631137,	-15.955604999999998,	9.631137
-16.455605,	10.131137,	-16.455605,	9.631137
-15.955604999999998,	10.131137,	-15.955604999999998,	9.631137
-20.169204,	20.01655,	-19.669204,	20.01655
-20.169204,	19.51655,	-19.669204,	19.51655
-20.169204,	20.01655,	-20.169204,	19.51655
-19.669204,	20.01655,	-19.669204,	19.51655
-20.404751,	21.825867,	-19.904751,	21.825867
-20.404751,	21.325867,	-19.904751,	21.325867
-20.404751,	21.825867,	-20.404751,	21.325867
-19.904751,	21.825867,	-19.904751,	21.325867
-23.083867,	20.255898,	-22.583867,	20.255898
-23.083867,	19.755898,	-22.583867,	19.755898
-23.083867,	20.255898,	-23.083867,	19.755898
-22.583867,	20.255898,	-22.583867,	19.755898
-16.35537,	17.072088,	-15.85537,	17.072088
-16.35537,	16.572088,	-15.85537,	16.572088
-16.35537,	17.072088,	-16.35537,	16.572088
-15.85537,	17.072088,	-15.85537,	16.572088
-20.289517,	16.063923,	-19.789517,	16.063923
-20.289517,	15.563922999999999,	-19.789517,	15.563922999999999
-20.289517,	16.063923,	-20.289517,	15.563922999999999
-19.789517,	16.063923,	-19.789517,	15.563922999999999
-16.095655,	19.802563,	-15.595655,	19.802563
-16.095655,	19.302563,	-15.595655,	19.302563
-16.095655,	19.802563,	-16.095655,	19.302563
-15.595655,	19.802563,	-15.595655,	19.302563
-17.774817,	13.856537,	-17.274817,	13.856537
-17.774817,	13.356537,	-17.274817,	13.356537
-17.774817,	13.856537,	-17.774817,	13.356537
-17.274817,	13.856537,	-17.274817,	13.356537
-18.083238,	17.743712,	-17.583238,	17.743712
-18.083238,	17.243712,	-17.583238,	17.243712
-18.083238,	17.743712,	-18.083238,	17.243712
-17.583238,	17.743712,	-17.583238,	17.243712
-19.058934,	11.647014,	-18.558934,	11.647014
-19.058934,	11.147014,	-18.558934,	11.147014
-19.058934,	11.647014,	-19.058934,	11.147014
-18.558934,	11.647014,	-18.558934,	11.147014
-22.488257,	18.40911,	-21.988257,	18.40911
-22.488257,	17.90911,	-21.988257,	17.90911
-22.488257,	18.40911,	-22.488257,	17.90911
-21.988257,	18.40911,	-21.988257,	17.90911
-18.100258,	19.592762,	-17.600258,	19.592762
-18.100258,	19.092762,	-17.600258,	19.092762
-18.100258,	19.592762,	-18.100258,	19.092762
-17.600258,	19.592762,	-17.600258,	19.092762
-19.155962,	18.276568,	-18.655962,	18.276568
-19.155962,	17.776568,	-18.655962,	17.776568
-19.155962,	18.276568,	-19.155962,	17.776568
-18.655962,	18.276568,	-18.655962,	17.776568
-16.285199,	17.331299,	-15.785198999999999,	17.331299
-16.285199,	16.831299,	-15.785198999999999,	16.831299
-16.285199,	17.331299,	-16.285199,	16.831299
-15.785198999999999,	17.331299,	-15.785198999999999,	16.831299
-18.867335,	15.175171,	-18.367335,	15.175171
-18.867335,	14.675171,	-18.367335,	14.675171
-18.867335,	15.175171,	-18.867335,	14.675171
-18.367335,	15.175171,	-18.367335,	14.675171
-24.589479,	11.818616,	-24.089479,	11.818616
-24.589479,	11.318616,	-24.089479,	11.318616
-24.589479,	11.818616,	-24.589479,	11.318616
-24.089479,	11.818616,	-24.089479,	11.318616
-21.56598,	19.121352,	-21.06598,	19.121352
-21.56598,	18.621352,	-21.06598,	18.621352
-21.56598,	19.121352,	-21.56598,	18.621352
-21.06598,	19.121352,	-21.06598,	18.621352
-23.24544,	14.789561,	-22.74544,	14.789561
-23.24544,	14.289561,	-22.74544,	14.289561
-23.24544,	14.789561,	-23.24544,	14.289561
-22.74544,	14.789561,	-22.74544,	14.289561
-20.101201,	13.251001,	-19.601201,	13.251001
-20.101201,	12.751001,	-19.601201,	12.751001
-20.101201,	13.251001,	-20.101201,	12.751001
-19.601201,	13.251001,	-19.601201,	12.751001
-20.836521,	21.810307,	-20.336521,	21.810307
-20.836521,	21.310307,	-20.336521,	21.310307
-20.836521,	21.810307,	-20.836521,	21.310307
-20.336521,	21.810307,	-20.336521,	21.310307
-17.600334,	14.308455,	-17.100334,	14.308455
-17.600334,	13.808455,	-17.100334,	13.808455
-17.600334,	14.308455,	-17.600334,	13.808455
-17.100334,	14.308455,	-17.100334,	13.808455
-20.131851,	11.503601,	-19.631851,	11.503601
-20.131851,	11.003601,	-19.631851,	11.003601
-20.131851,	11.503601,	-20.131851,	11.003601
-19.631851,	11.503601,	-19.631851,	11.003601
-21.992338,	13.017079,	-21.492338,	13.017079
-21.992338,	12.517079,	-21.492338,	12.517079
-21.992338,	13.017079,	-21.992338,	12.517079
-21.492338,	13.017079,	-21.492338,	12.517079
-22.153204,	17.677523,	-21.653204,	17.677523
-22.153204,	17.177523,	-21.653204,	17.177523
-22.153204,	17.677523,	-22.153204,	17.177523
-21.653204,	17.677523,	-21.653204,	17.177523
-25.03148,	11.53801,	-24.53148,	11.53801
-25.03148,	11.03801,	-24.53148,	11.03801
-25.03148,	11.53801,	-25.03148,	11.03801
-24.53148,	11.53801,	-24.53148,	11.03801
-18.082741,	17.9306,	-17.582741,	17.9306
-18.082741,	17.4306,	-17.582741,	17.4306
-18.082741,	17.9306,	-18.082741,	17.4306
-17.582741,	17.9306,	-17.582741,	17.4306
-17.174173,	19.640004,	-16.674173,	19.640004
-17.174173,	19.140004,	-16.674173,	19.140004
-17.174173,	19.640004,	-17.174173,	19.140004
-16.674173,	19.640004,	-16.674173,	19.140004
-18.03635,	14.610637,	-17.53635,	14.610637
-18.03635,	14.110637,	-17.53635,	14.110637
-18.03635,	14.610637,	-18.03635,	14.110637
-17.53635,	14.610637,	-17.53635,	14.110637
-16.85578,	17.68355,	-16.35578,	17.68355
-16.85578,	17.18355,	-16.35578,	17.18355
-16.85578,	17.68355,	-16.85578,	17.18355
-16.35578,	17.68355,	-16.35578,	17.18355
-24.998545,	10.84428,	-24.498545,	10.84428
-24.998545,	10.34428,	-24.498545,	10.34428
-24.998545,	10.84428,	-24.998545,	10.34428
-24.498545,	10.84428,	-24.498545,	10.34428
-19.448901,	11.094223,	-18.948901,	11.094223
-19.448901,	10.594223,	-18.948901,	10.594223
-19.448901,	11.094223,	-19.448901,	10.594223
-18.948901,	11.094223,	-18.948901,	10.594223
-17.623556,	17.05874,	-17.123556,	17.05874
-17.623556,	16.55874,	-17.123556,	16.55874
-17.623556,	17.05874,	-17.623556,	16.55874
-17.123556,	17.05874,	-17.123556,	16.55874
-18.488969,	13.623588,	-17.988969,	13.623588
-18.488969,	13.123588,	-17.988969,	13.123588
-18.488969,	13.623588,	-18.488969,	13.123588
-17.988969,	13.623588,	-17.988969,	13.123588
-22.882832,	14.046061,	-22.382832,	14.046061
-22.882832,	13.546061,	-22.382832,	13.546061
-22.882832,	14.046061,	-22.882832,	13.546061
-22.382832,	14.046061,	-22.382832,	13.546061
-16.97778,	14.819844,	-16.47778,	14.819844
-16.97778,	14.319844,	-16.47778,	14.319844
-16.97778,	14.819844,	-16.97778,	14.319844
-16.47778,	14.819844,	-16.47778,	14.319844
-23.605889,	5.133998,	-23.105889,	5.133998
-23.605889,	4.633998,	-23.105889,	4.633998
-23.605889,	5.133998,	-23.605889,	4.633998
-23.105889,	5.133998,	-23.105889,	4.633998
-27.3433,	6.818226,	-26.8433,	6.818226
-27.3433,	6.318226,	-26.8433,	6.318226
-27.3433,	6.818226,	-27.3433,	6.318226
-26.8433,	6.818226,	-26.8433,	6.318226
-24.123435,	5.605301,	-23.623435,	5.605301
-24.123435,	5.105301,	-23.623435,	5.105301
-24.123435,	5.605301,	-24.123435,	5.105301
-23.623435,	5.605301,	-23.623435,	5.105301
-25.526909,	7.434673,	-25.026909,	7.434673
-25.526909,	6.934673,	-25.026909,	6.934673
-25.526909,	7.434673,	-25.526909,	6.934673
-25.026909,	7.434673,	-25.026909,	6.934673
-25.079751,	5.464031,	-24.579751,	5.464031
-25.079751,	4.964031,	-24.579751,	4.964031
-25.079751,	5.464031,	-25.079751,	4.964031
-24.579751,	5.464031,	-24.579751,	4.964031
-27.287017,	7.939069,	-26.787017,	7.939069
-27.287017,	7.439069,	-26.787017,	7.439069
-27.287017,	7.939069,	-27.287017,	7.439069
-26.787017,	7.939069,	-26.787017,	7.439069
-27.065684,	7.902966,	-26.565684,	7.902966
-27.065684,	7.402966,	-26.565684,	7.402966
-27.065684,	7.902966,	-27.065684,	7.402966
-26.565684,	7.902966,	-26.565684,	7.402966
-23.079652,	6.291867,	-22.579652,	6.291867
-23.079652,	5.791867,	-22.579652,	5.791867
-23.079652,	6.291867,	-23.079652,	5.791867
-22.579652,	6.291867,	-22.579652,	5.791867
-22.36055,	6.919692,	-21.86055,	6.919692
-22.36055,	6.419692,	-21.86055,	6.419692
-22.36055,	6.919692,	-22.36055,	6.419692
-21.86055,	6.919692,	-21.86055,	6.419692
-25.994644,	6.892757,	-25.494644,	6.892757
-25.994644,	6.392757,	-25.494644,	6.392757
-25.994644,	6.892757,	-25.994644,	6.392757
-25.494644,	6.892757,	-25.494644,	6.392757
-24.459132,	3.896894,	-23.959132,	3.896894
-24.459132,	3.396894,	-23.959132,	3.396894
-24.459132,	3.896894,	-24.459132,	3.396894
-23.959132,	3.896894,	-23.959132,	3.396894
-21.938664,	4.537344,	-21.438664,	4.537344
-21.938664,	4.037344,	-21.438664,	4.037344
-21.938664,	4.537344,	-21.938664,	4.037344
-21.438664,	4.537344,	-21.438664,	4.037344
-24.164543,	3.552061,	-23.664543,	3.552061
-24.164543,	3.052061,	-23.664543,	3.052061
-24.164543,	3.552061,	-24.164543,	3.052061
-23.664543,	3.552061,	-23.664543,	3.052061
-25.44173,	7.94446,	-24.94173,	7.94446
-25.44173,	7.44446,	-24.94173,	7.44446
-25.44173,	7.94446,	-25.44173,	7.44446
-24.94173,	7.94446,	-24.94173,	7.44446
-25.824063,	4.655703,	-25.324063,	4.655703
-25.824063,	4.155703,	-25.324063,	4.155703
-25.824063,	4.655703,	-25.824063,	4.155703
-25.324063,	4.655703,	-25.324063,	4.155703
-24.75645,	5.704268,	-24.25645,	5.704268
-24.75645,	5.204268,	-24.25645,	5.204268
-24.75645,	5.704268,	-24.75645,	5.204268
-24.25645,	5.704268,	-24.25645,	5.204268
-20.384042,	3.511746,	-19.884042,	3.511746
-20.384042,	3.011746,	-19.884042,	3.011746
-20.384042,	3.511746,	-20.384042,	3.011746
-19.884042,	3.511746,	-19.884042,	3.011746
-21.397369,	5.48058,	-20.897369,	5.48058
-21.397369,	4.98058,	-20.897369,	4.98058
-21.397369,	5.48058,	-21.397369,	4.98058
-20.897369,	5.48058,	-20.897369,	4.98058
-22.828608,	5.950341,	-22.328608,	5.950341
-22.828608,	5.450341,	-22.328608,	5.450341
-22.828608,	5.950341,	-22.828608,	5.450341
-22.328608,	5.950341,	-22.328608,	5.450341
-27.054509,	7.343352,	-26.554509,	7.343352
-27.054509,	6.843352,	-26.554509,	6.843352
-27.054509,	7.343352,	-27.054509,	6.843352
-26.554509,	7.343352,	-26.554509,	6.843352
-14.31535,	3.675963,	-13.81535,	3.675963
-14.31535,	3.175963,	-13.81535,	3.175963
-14.31535,	3.675963,	-14.31535,	3.175963
-13.81535,	3.675963,	-13.81535,	3.175963
-10.004078,	6.569262,	-9.504078,	6.569262
-10.004078,	6.069262,	-9.504078,	6.069262
-10.004078,	6.569262,	-10.004078,	6.069262
-9.504078,	6.569262,	-9.504078,	6.069262
-8.69643,	3.919198,	-8.19643,	3.919198
-8.69643,	3.419198,	-8.19643,	3.419198
-8.69643,	3.919198,	-8.69643,	3.419198
-8.19643,	3.919198,	-8.19643,	3.419198
-8.150649,	6.461417,	-7.650649,	6.461417
-8.150649,	5.961417,	-7.650649,	5.961417
-8.150649,	6.461417,	-8.150649,	5.961417
-7.650649,	6.461417,	-7.650649,	5.961417
-7.712759,	6.432565,	-7.212759,	6.432565
-7.712759,	5.932565,	-7.212759,	5.932565
-7.712759,	6.432565,	-7.712759,	5.932565
-7.212759,	6.432565,	-7.212759,	5.932565
-18.729997,	6.788609,	-18.229997,	6.788609
-18.729997,	6.288609,	-18.229997,	6.288609
-18.729997,	6.788609,	-18.729997,	6.288609
-18.229997,	6.788609,	-18.229997,	6.288609
-9.642555,	5.74613,	-9.142555,	5.74613
-9.642555,	5.24613,	-9.142555,	5.24613
-9.642555,	5.74613,	-9.642555,	5.24613
-9.142555,	5.74613,	-9.142555,	5.24613
-16.611025,	4.836611,	-16.111025,	4.836611
-16.611025,	4.336611,	-16.111025,	4.336611
-16.611025,	4.836611,	-16.611025,	4.336611
-16.111025,	4.836611,	-16.111025,	4.336611
-15.240229,	6.749344,	-14.740229,	6.749344
-15.240229,	6.249344,	-14.740229,	6.249344
-15.240229,	6.749344,	-15.240229,	6.249344
-14.740229,	6.749344,	-14.740229,	6.249344
-8.845752,	4.616329,	-8.345752,	4.616329
-8.845752,	4.116329,	-8.345752,	4.116329
-8.845752,	4.616329,	-8.845752,	4.116329
-8.345752,	4.616329,	-8.345752,	4.116329
-13.458171,	3.156873,	-12.958171,	3.156873
-13.458171,	2.656873,	-12.958171,	2.656873
-13.458171,	3.156873,	-13.458171,	2.656873
-12.958171,	3.156873,	-12.958171,	2.656873
-15.584669,	3.301097,	-15.084669,	3.301097
-15.584669,	2.801097,	-15.084669,	2.801097
-15.584669,	3.301097,	-15.584669,	2.801097
-15.084669,	3.301097,	-15.084669,	2.801097
-6.619539,	6.381824,	-6.119539,	6.381824
-6.619539,	5.881824,	-6.119539,	5.881824
-6.619539,	6.381824,	-6.619539,	5.881824
-6.119539,	6.381824,	-6.119539,	5.881824
-13.272747,	6.776306,	-12.772747,	6.776306
-13.272747,	6.276306,	-12.772747,	6.276306
-13.272747,	6.776306,	-13.272747,	6.276306
-12.772747,	6.776306,	-12.772747,	6.276306
-17.199049,	5.027005,	-16.699049,	5.027005
-17.199049,	4.527005,	-16.699049,	4.527005
-17.199049,	5.027005,	-17.199049,	4.527005
-16.699049,	5.027005,	-16.699049,	4.527005
-9.340112,	5.673839,	-8.840112,	5.673839
-9.340112,	5.173839,	-8.840112,	5.173839
-9.340112,	5.673839,	-9.340112,	5.173839
-8.840112,	5.673839,	-8.840112,	5.173839
-8.824736,	3.595482,	-8.324736,	3.595482
-8.824736,	3.095482,	-8.324736,	3.095482
-8.824736,	3.595482,	-8.824736,	3.095482
-8.324736,	3.595482,	-8.324736,	3.095482
-16.261286,	5.928495,	-15.761285999999998,	5.928495
-16.261286,	5.428495,	-15.761285999999998,	5.428495
-16.261286,	5.928495,	-16.261286,	5.428495
-15.761285999999998,	5.928495,	-15.761285999999998,	5.428495
-12.574894,	3.307538,	-12.074894,	3.307538
-12.574894,	2.807538,	-12.074894,	2.807538
-12.574894,	3.307538,	-12.574894,	2.807538
-12.074894,	3.307538,	-12.074894,	2.807538
-9.549578,	6.472689,	-9.049578,	6.472689
-9.549578,	5.972689,	-9.049578,	5.972689
-9.549578,	6.472689,	-9.549578,	5.972689
-9.049578,	6.472689,	-9.049578,	5.972689
-11.757669,	5.40274,	-11.257669,	5.40274
-11.757669,	4.90274,	-11.257669,	4.90274
-11.757669,	5.40274,	-11.757669,	4.90274
-11.257669,	5.40274,	-11.257669,	4.90274
-6.457112,	4.436013,	-5.957112,	4.436013
-6.457112,	3.936013,	-5.957112,	3.936013
-6.457112,	4.436013,	-6.457112,	3.936013
-5.957112,	4.436013,	-5.957112,	3.936013
-9.268949,	4.013749,	-8.768949,	4.013749
-9.268949,	3.513749,	-8.768949,	3.513749
-9.268949,	4.013749,	-9.268949,	3.513749
-8.768949,	4.013749,	-8.768949,	3.513749
-6.274733,	4.326547,	-5.774733,	4.326547
-6.274733,	3.8265469999999997,	-5.774733,	3.8265469999999997
-6.274733,	4.326547,	-6.274733,	3.8265469999999997
-5.774733,	4.326547,	-5.774733,	3.8265469999999997
-16.547106,	6.125041,	-16.047106,	6.125041
-16.547106,	5.625041,	-16.047106,	5.625041
-16.547106,	6.125041,	-16.547106,	5.625041
-16.047106,	6.125041,	-16.047106,	5.625041
-10.473659,	6.548225,	-9.973659,	6.548225
-10.473659,	6.048225,	-9.973659,	6.048225
-10.473659,	6.548225,	-10.473659,	6.048225
-9.973659,	6.548225,	-9.973659,	6.048225
-18.744051,	6.781402,	-18.244051,	6.781402
-18.744051,	6.281402,	-18.244051,	6.281402
-18.744051,	6.781402,	-18.744051,	6.281402
-18.244051,	6.781402,	-18.244051,	6.281402
-18.377394,	5.488009,	-17.877394,	5.488009
-18.377394,	4.988009,	-17.877394,	4.988009
-18.377394,	5.488009,	-18.377394,	4.988009
-17.877394,	5.488009,	-17.877394,	4.988009
-17.789967,	3.496059,	-17.289967,	3.496059
-17.789967,	2.996059,	-17.289967,	2.996059
-17.789967,	3.496059,	-17.789967,	2.996059
-17.289967,	3.496059,	-17.289967,	2.996059
-11.563847,	6.849111,	-11.063847,	6.849111
-11.563847,	6.349111,	-11.063847,	6.349111
-11.563847,	6.849111,	-11.563847,	6.349111
-11.063847,	6.849111,	-11.063847,	6.349111
